1
243
44979864
243
1296
49475500
12005
177890331
159618
1
19683
7203
162
2304
162
243
32768
3367008
1221405259893
1875
162
162
24576
30366250
235320
512
218209
38887854
1024
834090
445014
40090
32
241
172857219
61212124
1
1801586
14060172
162
3602287325
1875
243
162
1024
5184
12913
243
512
8619
13904
1
1
17807836
1875
768
8614414918
2592
118956
32
22875
9504453
1874304
2592
5741
14406
3247943160
112226795
512
332710
1
3120162
224959
1014
2592
265442
6480
1
107732
243
1250
1875
1024
1
1050067
243
90088
32768
597821
243
2555601164007
360194
122089205
243
5184
1024
1
3936855484
1
272680711
427812
23587
1
27262976
1024
2448129032
162
17743533646
3161864
1
16
23847408794616
243
3189943
1024
186624
405000
24216022
16
151875
436088
3888
6973
91881
243
16
80299
81
1321735392
1
512
32
3003
32
32
5184
243
512
1
32
768
14406
7776
7776
512
243
32
165888
1
1460000
162
2400123635
60727009
153
629856
3124
81
173138
717774
18304
59498188213
32
1
32
9604
12010
243
7203
307328
243
78576
3105891150
32
14965
1
39366
2226142
6480
24294
180969
920259
17936
32768
107454
40000
768
4881474
3487636
1875
512
1024
151875
1
455625
384160
4811244
3551097
512
32
243
3188646
7776
70000
186624
32
392
1874048
2132
243
680294
32
1
3888
1024
600400
16
2500
768
625
83241
768
143808
4142573449
1024
2592
16574104
1306718
3351838
9604
460992
162
65970318
2500
1290698
60000
5184
1
74013570
1
1
32
32
20480
40747360
162
162
1968
60000
2592
1
32
1024
2564
362
5798716
541761294
162
748
1
3440660
2048332
243
1024
17820000
17476
126880741
124980046
22784346
243
410362
15218037
162
162
81
1024
1102
32
7776
14112576
449940077
26873856
243
243
16807
286467
840798
486432
1
1024
162
60000
267650189
792216
32805
16
546786
32
1024
243
13676594
32
7880480
162
27148168393
49311504
768
16
3125
1250803484
27849799
659280
11715
45256824
16
687580
768
520662
837264
393703149
16
6723
62349
20925
162
1024
1875
32
3547
131220000
39366
1538
162
2347856
243
82937
39366
444744
4104832
1
243
137846528820
154845722
3985514935
512
2186442816
4370171
32
32
1250
32
6227655
46690
5988
512
512
657300
1024
16
32
27438
393216
16
162
2500
5184
3888
3125
12005
34900850
12288
301720
162
7440174
14439883430
958
16
352230
4802
53166
104292
1138
14406
70434
16
813394782
1116150378
60000
1
2592
3007874
7203
126410606437752
345744
19237287
1
3182640
32
621
1125166
768
1024
16
1875
124416
768
32
100000
16807
68168
22707
323676
32
2096698
24576
5262960
81
1875
52708929
9604
4218720
5184
7260250
10252549
17768
165888
2084027994
849910
77560
243
256
39366
524288
227010766
2500
307328
32
1024
39366
248832
236740
60000
1024
5184
1024
52671
96365360
243
124028
162
28798
162
32
1
230496
1259712
32
2089
5184
2052864
24576
303750
121824
243
251261
10068540
243
1674820
162
1
162
32
2499022
1
205284766
87846
242816
768
32
60000
2562250
32
7203
32
39366
2641529
124416
5184
162
32
195727793
1
5741
1527686
1
10391
13708
178376
53593456
78334592
759375
9347418
32
117868
1024
256
39366
1
81
9604
16
21044
36607
1024
1
7770
124416
839808
243
1109287
81
1024
173280
2240000
243
17745
63269667
729619800
117794
34
32805
1
6480
1760
104452
279329760
32
16
342827
17244588
162
38724
5184
1132994250
15607237
32
987
40000
34
7776
9604
39366
16
768
768
20480
1
162
117128
265493733
833763
32
1419857
9964
46763772411
512
1
81585
1024
512
16807
32
1
6236350
506250
1227
162
11271065600
418
32
9106203
7776
1
768
60000
92739371
16384
1024
22363
30775888
3888
162
9646
32
596
162
16384
512
243
32
1
5037849
1875
3200000
1
16
162
40000
314171
78068
1
123456
584689
417894
512
2592
1
31813014
55767
1090297
3134891
81
199055170
162
50000
1782
5908
258025
1875
162
7776
1
607500
1
5760
406719
768
243
512
243
2506097600
81
1917733
272
790403
16
16
342692
11824
1
543207
1
124416
60000
1277600
5184
165888
8054
1
32
9604
162
27346906
162
39366
164
2235275
162
6973
3952835
1
145152
243
5004
768
3125
243
162
33462746584
243
105192
1
512
117128
16903449
1368867
39366
1
21567
1874048
1355636
1
1
32
460992
85674
730085
120249
234336
162
3032900020
32
1
12434112
4928
3289728
39366
1875
512
1024
4224
162
5286065
1250
7792724080
1573565
405456
364601
1
1
3637192
1
1875
32
32
45141946
802792
7776
512
11052
6336
16
1119650860
768
1
542
162
262144
32
162
1
162
32
1024
243
39366
81
34
1327104
1024
1
165888
512
32
16
162
141712
192949
3125
32
11112
6480
1
768
16
2698329
597328
4084101
1086
295034880
16384
278716
2495680
16
407132
3125
43005
32
768
1
147516063
1024
162
39366
625
168750000
68774
75778394
10893148
11139
3125
162
32
1
11572
204255685171
1203
5184
5099808
62208
256
380204032
243
243
192080
2972
951750
24576
81
1
162
54155132141
11382394
7203
162
36997520
16
2500
472120
826148
32
1
512
124
17730144
1
625
5140690
3466738
12005
1
5004
350186765
1
4601890015
32
32
102487
132004
4552
6973
72256
30045015
1229784525
3278675
3247943160
81
768
124416
16384
919566
1
41056926
1
81
2646261211596
512
32
162
3363
957745
106496
1
1
24576
2952
32
3245166
17853857
852476
1024
197741984
1000
1387920
24576
790110
625
278981
162
225227
165888
52488
16
34181510
243
162
3888
1260488
100000
81
32
1
3428
10559844
3888
243
34453
32
512
48857770
238005960
22669
7203
32768
243
1569643
59049
512
3888
583443
599604
16
2510
1
1
9919533
6209612
282516786
342
14406
218451050
607500
159632
1638922135
1
32048
1
2344748
256
1875
1222541
76046416
392
1024
16
1024
610175354
16
5184
345744
1
1024
162
3888
768
251371
584497
32
254147278
2039088
243
1
1
647641
50896
2500
2500
512
91460
537824
32
256
26244
20868
162
81
29283423
11190
3125
2412
6048
32
768
1
927240
1875
512
803308
3888
155510
1875
1875
32
37278
7776
2551808
2189421
2583
32
1
9604
26244
1024
1875
14940241865
1
60000
19428
154011
1024
276417