97959
97966
97962
97942
97920
97908
97873
97885
97866
97895
97820
97773
97747
97686
97615
97546
97499
97467
97447
97422
97390
97377
97368
97350
97317
97283
97235
97222
97181
97123
97083
97072
97047
97005
96961
96898
96863
96821
96762
96726
96688
96630
96617
96615
96578
96565
96546
96520
96518
96518
96493
96459
96457
96439
96420
96417
96415
96420
96416
96389
96369
96361
96347
96322
96310
96317
96337
96351
96370
96392
96407
96420
96441
96456
96480
96510
96529
96546
96573
96567
96543
96526
96509
96485
96468
96444
96413
96389
96357
96324
96299
96292
96297
96314
96325
96333
96344
96345
96340
96317
96293
96297
96314
96325
96333
96344
96345
96340
96317
96293
96297
96314
96325
96333
96344
96345
96340
96317
96293
96297
96314
96325
96333
96344
96345
96340
96317
96293
96297
96314
96325
96333
96344
96345
96340
96317
96293
96297
96314
96325
96333
96344
96345
96340
96317
96293
96297
96314
96325
96333
96344
96345
96340
96317
96293
96297
96314
96325
96333
96344
96345
96340
96317
96293
96297
96314
96325
96333
96344
96345
96340
96317
96293
96297
96314
96325
96333
96344
96345
96340
96317
96293
96297
96314
96325
96333
96344
96345
96340
96317
96293
96297
96314
96325
96333
96344
96345
96340
96317
96293
96297
96314
96325
96333
96344
96345
96340
96317
96293
96297
96314
96325
96333
96344
96345
96340
96317
96293
96297
96314
96325
96333
96344
96345
96340
96317
96293
96297
96314
96325
96333
96344
96345
96340
96317
96293
96297
96314
96325
96333
96344
96345
96340
96317
96293
96297
96314
96325
96333
96344
96345
96340
96317
96293
96297
96314
96325
96333
96344
96345
96340
96317
96293
96297
96314
96325
96333
96344
96345
96340
96317
96293
96297
96314
96325
96333
96344
96345
96340
96317
96293
96297
96314
96325
96333
96344
96345
96340
96317
96293
96297
96314
96325
96333
96344
96345
96340
96317
96293
96297
96314
96325
96333
96344
96345
96340
96317
96293
96297
96314
96325
96333
96344
96345
96340
96317
96293
96297
96314
96325
96333
96344
96345
96340
96317
96293
96297
96314
96325
96333
96344
96345
96340
96317
96293
96297
96314
96325
96333
96344
96345
96340
96317
96293
96297
96314
96325
96333
96344
96345
96340
96317
96293
96297
96314
96325
96333
96344
96345
96340
96317
96293
96297
96314
96325
96333
96344
96345
96340
96317
96293
96297
96314
96325
96333
96344
96345
96340
96317
96293
96297
96314
96325
96333
96344
96345
96340
96317
96293
96297
96314
96325
96333
96344
96345
96340
96317
96293
96297
96314
96325
96333
96344
96345
96340
96317
96293
96297
96314
96325
96333
96344
96345
96340
96317
96293
96297
96314
96325
96333
96344
96345
96340
96317
96293
96297
96314
96325
96333
96344
96345
96340
96317
96293
96297
96314
96325
96333
96344
96345
96340
96317
96293
96297
96314
96325
96333
96344
96345
96340
96317
96293
96297
96314
96325
96333
96344
96345
96340
96317
96293
96297
96314
96325
96333
96344
96345
96340
96317
96293
96297
96314
96325
96333
96344
96345
96340
96317
96293
96297
96314
96325
96333
96344
96345
96340
96317
96293
96297
96314
96325
96333
96344
96345
96340
96317
96293
96297
96314
96325
96333
96344
96345
96340
96317
96293
96297
96314
96325
96333
96344
96345
96340
96317
96293
96297
96314
96325
96333
96344
96345
96340
96317
96293
96297
96314
96325
96333
96344
96345
96340
96317
96293
96297
96314
96325
96333
96344
96345
96340
96317
96293
96297
96314
96325
96333
96344
96345
96340
96317
96293
96297
96314
96325
96333
96344
96345
96340
96317
96293
96297
96314
96325
96333
96344
96345
96340
96317
96293
96297
96314
96325
96333
96344
96345
96340
96317
96293
96297
96314
96325
96333
96344
96345
96340
96317
96293
96297
96314
96325
96333
96344
96345
96340
96317
96293
96297
96314
96325
96333
96344
96345
96340
96317
96293
96297
96314
96325
96333
96344
96345
96340
96317
96293
96297
96314
96325
96333
96344
96345
96340
96317
96293
96297
96314
96325
96333
96344
96345
96340
96317
96293
96297
96314
96325
96333
96344
96345
96340
96317
96293
96297
96314
96325
96333
96344
96345
96340
96317
96293
96297
96314
96325
96333
96344
96345
96340
96317
96293
96297
96314
96325
96333
96344
96345
96340
96317
96293
96297
96314
96325
96333
96344
96345
96340
96317
96293
96297
96314
96325
96333
96344
96345
96340
96317
96293
96297
96314
96325
96333
96344
96345
96340
96317
96293
96297
96314
96325
96333
96344
96345
96340
96317
96293
96297
96314
96325
96333
96344
96345
96340
96317
96293
96297
96314
96325
96333
96344
96345
96340
96317
96293
96297
96314
96325
96333
96344
96345
96340
96317
96293
96297
96314
96325
96333
96344
96345
96340
96317
96293
96297
96314
96325
96333
96344
96345
96340
96317
96293
96297
96314
96325
96333
96344
96345
96340
96317
96293
96297
96314
96325
96333
96344
96345
96340
96317
96293
96297
96314
96325
96333
96344
96345
96340
96317
96293
96297
96314
96325
96333
96344
96345
96340
96317
96293
96297
96314
96325
96333
96344
96345
96340
96317
96293
96297
96314
96325
96333
96344
96345
96340
96317
96293
96297
96314
96325
96333
96344
96345
96340
96317
96293
96297
96314
96325
96333
96344
96345
96340
96317
96293
96297
96314
96325
96333
96344
96345
96340
96317
96293
96297
96314
96325
96333
96344
96345
96340
96317
96293
96297
96314
96325
96333
96344
96345
96340
96317
96293
96297
96314
96325
96333
96344
96345
96340
96317
96293
96297
96314
96325
96333
96344
96345
96340
96317
96293
96297
96314
96325
96333
96344
96345
96340
96317
96293
96297
96314
96325
96333
96344
96345
96340
96317
96293
96297
96314
96325
96333
96344
96345
96340
96317
96293
96297
96314
96325
96333
96344
96345
96340
96317
96293
96297
96314
96325
96333
96344
96345
96340
96317
96293
96297
96314
96325
96333
96344
96345
96340
96317
96293
96297
96314
96325
96333
96344
96345
96340
96317
96293
96297
96314
96325
96333
96344
96345
96340
96317
96293
96297
96314
96325
96333
96344
96345
96340
96317
96293
96297
96314
96325
96333
96344
96345
96340
96317
96293
96297
96314
96325
96333
96344
96345
96340
96317
96293
96297
96314
96325
96333
96344
96345
96340
96317
96293
96297
96314
96325
96333
96344
96345
96340
96317
96293
96297
96314
96325
96333
96344
96345
96340
96317
96293
96297
96314
96325
96333
96344
96345
96340
96317